0 7584073 0 0 5199884 0 0 0 0 0 0 0 0 0 0 0 
9480092 0 0 0 0 6499856 0 0 0 0 0 0 0 0 0 0 
0 0 0 5199984 0 0 5199884 0 0 0 0 0 0 0 0 0 
0 0 6499856 5199984 0 0 0 4159987 0 0 0 0 0 0 0 0 
23144758 0 0 0 0 0 0 0 0 0 0 0 0 0 0 0 
0 8124821 0 0 0 0 5199884 0 0 0 0 0 0 0 0 0 
0 0 4159987 0 0 6499856 0 0 0 0 6499856 0 0 0 0 0 
0 0 0 5199984 0 0 0 0 0 0 0 0 0 0 0 0 
0 0 0 0 0 0 0 0 0 5199884 0 0 2608476 0 0 0 
0 0 0 0 0 0 0 0 3260596 0 6499856 0 0 0 0 0 
0 0 0 0 0 0 5199884 0 0 5199884 0 5199884 0 0 5199884 0 
0 0 0 0 0 0 0 0 0 0 6499856 0 0 0 0 4159907 
0 0 0 0 0 0 0 0 3260596 0 0 0 0 2086780 0 0 
0 0 0 0 0 0 0 0 0 0 0 0 2608476 0 0 0 
0 0 0 0 0 0 0 0 0 0 6499856 0 0 0 0 0 
0 0 0 0 0 0 0 0 0 0 0 5199884 0 0 0 0 
